((("tags-todo" .
   [1 0 0 0 0 0 0 0 0])
  ("tags" .
   [11 0 0 0])
  ("doom-spacegrey:" .
   [0 0 0 0 0 0 0 0 0 0 0 0 0 0 1])
  ("init-org" .
   [1 0 0 0 0 0 0 0])
  ("init-gnus" .
   [1 0 0 0 0 0 0 0 0])
  ("provide" .
   [3 0 0 0 0 0 0])
  ("init-erc" .
   [2 0 0 0 0 0 0 0])
  ("require" .
   [3 0 0 0 0 0 1])
  ("load-path" .
   [1 0 0 0 0 0 0 0 0])
  ("add-to-list" .
   [0 0 0 0 0 0 1 0 0 0 0])
  ("p" .
   [1])
  ("a" .
   [1])
  ("path-separator" .
   [0 0 0 0 1 0 0 0 0 0 0 0 0 0])
  ("file" .
   [1 0 0 0])
  ("do" .
   [1 0])
  ("setq" .
   [1 0 0 0])
  ("<" .
   [1])
  ("setq-local" .
   [0 0 0 0 0 0 0 1 0 0])
  ("work" .
   [1 0 0 0])
  ("these" .
   [1 0 0 0 0])
  ("all" .
   [1 0 0])
  ("the" .
   [3 0 0])
  ("re" .
   [2 0])
  ("some" .
   [2 0 0 0])
  ("is" .
   [1 0])
  ("they" .
   [3 0 0 0])
  ("and" .
   [1 0 0])
  ("list" .
   [1 0 0 0])
  ("like" .
   [3 0 0 0])
  ("..." .
   [1 0 0])
  ("All" .
   [1 0 0])
  ("bullshit" .
   [1 0 0 0 0 0 0 0])
  ("them" .
   [1 0 0 0])
  ("an" .
   [1 0])
  ("idea" .
   [1 0 0 0])
  ("decided" .
   [2 0 0 0 0 0 0])
  ("They" .
   [1 0 0 0])
  ("engineers" .
   [1 0 0 0 0 0 0 0 0])
  ("everything" .
   [1 0 0 0 0 0 0 0 0 0])
  ("for" .
   [1 0 0])
  ("m" .
   [1])
  ("Cage" .
   [1 0 0 0])
  ("it" .
   [5 0])
  ("character" .
   [1 0 0 0 0 0 0 0 0])
  ("put" .
   [2 0 0])
  ("print" .
   [1 0 0 0 0])
  ("see" .
   [1 0 0])
  ("again" .
   [1 0 0 0 0])
  ("w" .
   [1])
  ("throw" .
   [1 0 0 0 0])
  ("got" .
   [1 0 0])
  ("with" .
   [1 0 0 0])
  ("your" .
   [1 0 0 0])
  ("This" .
   [1 0 0 0])
  ("called" .
   [1 0 0 0 0 0])
  ("page" .
   [1 0 0 0])
  ("quit" .
   [1 0 0 0])
  ("have" .
   [2 0 0 0])
  ("ever" .
   [1 0 0 0])
  ("doom-themes" .
   [0 0 0 0 0 0 0 0 0 0 1])
  ("load-theme" .
   [1 0 0 0 0 0 0 0 0 0])))
